cam_model: ATAN
cam_width: 640
cam_height: 480
cam_fx: 0.612016
cam_fy: 0.816732
cam_cx: 0.480047
cam_cy: 0.469419
cam_d0: 0.644084