# oST version 5.0 parameters


[image]

width
640

height
480

[narrow_stereo]

camera matrix
515.204456 0.000000 301.180747
0.000000 518.015642 218.403992
0.000000 0.000000 1.000000

distortion
-0.092507 0.178026 -0.005201 0.005310 0.000000

rectification
1.000000 0.000000 0.000000
0.000000 1.000000 0.000000
0.000000 0.000000 1.000000

projection
519.241943 0.000000 305.483214 0.000000
0.000000 526.041992 216.369398 0.000000
0.000000 0.000000 1.000000 0.000000

