image_width: 640
image_height: 480
camera_name: cam0 #00b09d010099d8be
camera_matrix:
  rows: 3
  cols: 3
  data: [412.424095, 0.000000, 312.709368, 0.000000, 413.525154, 249.944815, 0.000000, 0.000000, 1.000000]
distortion_model: plumb_bob
distortion_coefficients:
  rows: 1
  cols: 5
  data: [-0.321877, 0.095141, 0.001157, 0.000738, 0.000000]
rectification_matrix:
  rows: 3
  cols: 3
  data: [1.000000, 0.000000, 0.000000, 0.000000, 1.000000, 0.000000, 0.000000, 0.000000, 1.000000]
projection_matrix:
  rows: 3
  cols: 4
  data: [318.164093, 0.000000, 309.858158, 0.000000, 0.000000, 361.485321, 253.329021, 0.000000, 0.000000, 0.000000, 1.000000, 0.000000]
